((("C311/mk" .
   [0 0 0 0 0 1 0])
  ("coffee" .
   [2 0 0 0 0 0])
  ("racket-run" .
   [1 0 0 0 0 0 0 0 0 0])
  ("->" .
   [1 0])
  ("my-decrease-opacity" .
   [0 0 0 0 0 0 1 0 0 0 0 0 0 0 0 0 0 0 0])
  ("my-increase-opacity" .
   [0 0 1 0 0 0 0 0 0 0 0 0 0 0 0 0 0 0 0])
  ("kbd" .
   [1 0 0])
  ("decrease" .
   [0 0 0 2 0 0 1 0])
  ("alpha" .
   [1 0 0 0 0])
  ("setq" .
   [2 0 0 0])
  ("increase" .
   [4 0 0 0 0 0 0 0])
  ("nil" .
   [1 0 0])
  ("interactive" .
   [0 0 0 0 0 0 0 1 0 0 0])
  ("defun" .
   [1 0 0 0 0])
  ("and" .
   [1 0 0])
  ("gcd-writer" .
   [0 0 0 0 0 0 4 0 0 0])
  ("-" .
   [2])
  ("gcd" .
   [2 0 0])
  ("reverse*o" .
   [0 0 0 0 0 0 0 0 2])
  ("ra" .
   [3 0])
  ("reverseo" .
   [2 0 0 0 0 0 0 0])
  ("cdro" .
   [1 0 0 0])
  ("not-pairo" .
   [0 0 0 0 1 0 1 1 0])
  ("symbolo" .
   [0 0 0 0 1 0 0])
  ("middleo" .
   [1 0 0 0 0 0 0])
  ("m" .
   [3])
  ("palo" .
   [1 0 0 0])
  ("lasto" .
   [1 0 0 0 0])
  ("caro" .
   [2 0 0 0])
  ("rackunit" .
   [1 0 0 0 0 0 0 1])
  ("d" .
   [15])
  ("membero" .
   [1 0 0 1 0 0 0])
  ("c" .
   [4])
  ("b" .
   [17])
  ("quote" .
   [2 0 0 0 0])
  ("id" .
   [1 0])
  ("+" .
   [2])
  ("run" .
   [4 0 0])
  ("tsil" .
   [2 0 0 0])
  ("l" .
   [4])
  ("fo-lav*o" .
   [0 0 1 0 1 0 0 0])
  ("fo-lavo" .
   [0 0 5 2 4 1 0])
  ("rator" .
   [2 0 0 0 0])
  ("closure" .
   [2 0 0 0 0 0 0])
  ("adbmal" .
   [2 0 2 2 0 0])
  ("t" .
   [12])
  ("body" .
   [3 0 0 0])
  ("val-of*o" .
   [0 0 0 0 0 1 0 0])
  ("rands" .
   [5 0 0 0 0])
  ("appendo" .
   [5 0 0 0 0 3 2])
  ("list" .
   [4 0 0 0])
  ("r" .
   [7])
  ("fresh" .
   [10 0 0 0 0])
  ("q" .
   [12])
  ("run*" .
   [1 0 0 0])
  ("etouq" .
   [1 0 0 1 0])
  ("==" .
   [29 0])
  ("conde" .
   [13 0 0 0 0])
  ("o" .
   [9])
  ("vals" .
   [4 0 0 0])
  ("vars" .
   [6 1 0 0])
  ("var" .
   [1 0 0])
  ("exp" .
   [8 0 0])
  ("db" .
   [1 0])
  ("..." .
   [6 0 0])
  ("syntax-rules" .
   [0 0 0 1 0 1 0 0 0 0 0 0])
  ("define-syntax" .
   [0 0 0 0 0 0 0 0 0 0 2 0 0])
  ("printAll" .
   [2 0 0 0 0 0 2 1])
  ("printf" .
   [4 0 0 0 0 1])
  ("print" .
   [3 0 0 0 0])
  ("v" .
   [5])
  ("s1" .
   [2 0])
  ("pmatch-who" .
   [1 0 0 0 0 0 0 1 0 0])
  ("unalias" .
   [0 0 0 0 0 1 0])
  ("rand-point" .
   [0 0 0 0 0 0 1 1 0 0])
  ("let*" .
   [1 0 0 0])
  ("r3" .
   [2 0])
  ("r2" .
   [5 0])
  ("r1" .
   [5 0])
  ("rand-2" .
   [2 0 0 0 0 1])
  ("rand" .
   [5 0 0 0])
  ("ans" .
   [5 0 0])
  ("seed" .
   [7 0 0 1])
  ("void" .
   [1 0 0 0])
  ("pull-trigger!-cps" .
   [0 0 0 0 0 0 0 0 0 0 0 0 0 0 1 0 0])
  ("turn-on-safety!-cps" .
   [1 0 0 0 0 0 0 0 0 0 0 0 0 0 0 0 0 0 0])
  ("dull" .
   [1 0 0 0])
  ("cps-begin" .
   [0 0 0 0 2 0 2 0 0])
  ("res2" .
   [1 0 0 0])
  ("exp2-cps" .
   [0 0 0 0 0 0 0 1])
  ("exp1-cps" .
   [1 0 0 0 0 0 0 0])
  ("exp1" .
   [1 0 0 0])
  ("pull-trigger!" .
   [0 0 0 0 4 0 0 0 0 0 0 0 0])
  ("turn-on-safety!" .
   [0 0 0 0 4 0 0 0 0 0 0 0 0 0 0])
  ("begin2" .
   [0 0 0 0 0 1])
  ("newline" .
   [2 0 0 0 0 0 0])
  ("display" .
   [1 0 0 0 0 0 0])
  ("sad" .
   [7 0 0])
  ("asd" .
   [5 0 0])
  ("yy" .
   [1 0])
  ("newton" .
   [0 0 0 0 1 0])
  ("1.0" .
   [3 0 0])
  ("improve-cbrt" .
   [0 0 0 1 0 1 0 0 0 0 0 0])
  ("cbrt-iter" .
   [0 0 0 0 0 1 1 0 0])
  ("cbrt" .
   [0 0 4 0])
  ("sqrt-by-change" .
   [0 0 0 0 0 0 0 1 0 0 0 0 0 0])
  ("0.0001" .
   [0 0 0 0 1 0])
  ("<=" .
   [1 0])
  ("change-small-enough?" .
   [0 0 0 0 0 0 3 0 0 0 0 0 0 0 0 0 0 0 0 0])
  ("sqrt-iter-by-change" .
   [0 0 0 0 1 0 0 0 0 0 0 0 1 0 0 0 0 0 0])
  ("for" .
   [0 1 0])
  ("sqrt-newif" .
   [0 0 0 0 0 0 1 0 0 0])
  ("sqrt-iter-newif" .
   [0 0 0 0 0 0 0 0 0 0 2 0 0 0 0])
  ("newif" .
   [1 0 0 0 0])
  ("else-e" .
   [2 0 0 0 0 0])
  ("test-e" .
   [1 0 0 0 0 0])
  ("then" .
   [3 0 0 0])
  ("sqrt" .
   [2 0 0 0])
  ("abs" .
   [4 0 0])
  ("good-enough?" .
   [0 0 0 0 4 0 0 0 0 0 0 0])
  ("average" .
   [1 0 0 0 2 0 0])
  ("improve" .
   [0 0 1 1 1 2 0])
  ("sqrt-iter" .
   [0 0 0 0 7 1 0 0 0])
  ("guess" .
   [27 0 0 1 0])
  ("larger-2-from-3" .
   [0 0 0 0 0 0 0 0 1 0 0 0 0 0 0])
  ("x.." .
   [0 1 0])
  (">=" .
   [4 1])
  ("the" .
   [2 0 0])
  ("sum-of-squares" .
   [0 0 0 4 1 0 0 0 0 1 0 0 0 0])
  ("square" .
   [5 0 2 0 1 0])
  ("begin" .
   [11 0 0 0 0])
  ("ignore" .
   [1 0 0 0 0 0])
  ("proc" .
   [2 0 0 0])
  ("if" .
   [19 0])
  ("break" .
   [1 0 0 0 0])
  ("let" .
   [14 0 0])
  ("*k*" .
   [0 1 1])
  ("call/cc" .
   [8 0 0 0 1 4 0])
  ("range-ll" .
   [0 0 0 1 0 0 0 0])
  ("first-n-ll" .
   [0 0 0 1 0 0 0 0 0 0])
  ("nth-ll" .
   [0 0 0 1 0 0])
  ("length-ll" .
   [0 0 0 0 0 0 1 0 0])
  ("append-ll" .
   [0 0 0 0 0 0 1 0 0])
  ("cons-ll" .
   [1 0 0 0 0 0 0])
  ("pop-ll" .
   [2 0 0 0 0 0])
  ("pop" .
   [1 0 0])
  ("ls-to-ll" .
   [0 0 0 1 0 0 0 0])
  ("member?" .
   [1 0 0 0 1 0 0])
  ("hello" .
   [4 1 2 2 4])
  ("test" .
   [6 1 2 1])
  ("define" .
   [98 0 0 1 0 0])
  ("lambda" .
   [157 0 0 3 3 0])
  ("test-*?-3" .
   [0 0 0 1 0 0 0 0 0])
  ("whatever" .
   [1 0 0 0 1 0 0 0])
  ("define-program-counter" .
   [0 0 0 0 1 0 0 0 0 0 0 0 0 0 0 0 0 0 0 0 0 0])
  ("is" .
   [1 0])
  ("space-to-%20" .
   [0 0 0 4 0 0 1 0 0 0 0 0])
  ("ls" .
   [100 0])
  ("space-to-%20-aux" .
   [1 0 0 0 0 2 1 0 1 0 0 0 0 2 1 0])
  ("acc" .
   [5 0 0])
  ("cond" .
   [47 0 0 0])
  ("null?" .
   [20 0 1 0 3])
  ("list->string" .
   [0 0 0 0 0 1 1 0 0 0 0 0])
  ("else" .
   [44 0 0 0])
  ("car" .
   [52 0 0])
  ("cdr" .
   [50 0 0])
  ("cons" .
   [31 0 0 1])
  ("space" .
   [4 0 0 0 0])
  ("eqv?" .
   [8 0 0 0])
  ("space-to-%20-aux-c" .
   [3 0 0 0 0 0 0 0 0 0 0 0 0 0 0 0 0 0])
  ("require" .
   [9 0 0 0 1 0 0])
  ("space-to-%20-aux-cps" .
   [3 0 0 0 0 0 0 0 0 0 0 0 0 0 0 0 0 0 0 0])
  ("check-equal?" .
   [0 0 0 0 1 0 0 0 0 0 0 0])
  ("atom?" .
   [7 0 0 0 1])
  ("atom" .
   [4 0 0 0])
  ("list?" .
   [3 0 0 0 0])
  ("turkey" .
   [3 0 0 0 0 0])
  ("or" .
   [3 0])
  ("lat?" .
   [1 0 0 0])
  ("lat" .
   [59 0 0])
  ("eq?" .
   [10 0 0])
  ("rember" .
   [4 0 0 0 0 0])
  ("rember_34" .
   [1 0 0 0 0 0 0 0 0])
  ("rember_37" .
   [1 0 0 0 0 0 0 0 0])
  ("rember_41" .
   [0 0 0 1 0 0 0 0 0])
  ("firsts" .
   [1 0 0 0 0 0])
  ("old" .
   [16 1 0])
  ("insertR" .
   [1 0 1 0 0 2 1])
  ("new" .
   [19 0 0])
  ("insertR_49_1" .
   [0 0 0 0 0 0 0 0 2 0 0 0])
  ("insertR_49_2" .
   [0 0 0 0 0 0 0 0 1 0 0 0])
  ("insertR_50" .
   [1 0 0 0 0 0 0 0 0 0])
  ("insertL" .
   [1 0 0 0 0 0 0])
  ("subst" .
   [1 0 0 0 0])
  ("o1" .
   [2 0])
  ("o2" .
   [2 0])
  ("subst2" .
   [1 0 0 0 0 0])
  ("lang" .
   [4 0 0 0])
  ("racket" .
   [4 0 0 0 0 0])
  ("C311/pmatch" .
   [0 0 0 0 0 1 0 0 0 0 0])
  ("kinds-of-coins" .
   [0 0 0 0 1 1 2 0 0 0 0 0 0 0])
  ("first-denomination" .
   [0 0 0 0 0 0 1 0 0 0 0 0 0 0 0 0 0 0])
  ("f-1-11-naive" .
   [0 0 7 2 0 0 2 0 0 0 0 0])
  ("sub1" .
   [6 0 0 0])
  ("f-1-11-cps" .
   [4 0 0 0 0 0 0 0 2 0])
  ("v2" .
   [8 0])
  ("v1" .
   [10 0])
  ("f-1-11-iter" .
   [0 0 0 0 0 0 0 0 1 1 0])
  ("count" .
   [2 0 0 0 0])
  ("res" .
   [1 0 0])
  ("v3" .
   [7 0])
  ("ss" .
   [7 0])
  ("f-1-11-sps" .
   [1 0 0 0 0 0 0 0 1 0])
  ("add1" .
   [2 0 0 0])
  ("calc" .
   [1 0 0 0])
  ("lastn" .
   [1 0 0 0 0])
  ("alias" .
   [1 0 0 0 0])
  ("assv-maybe" .
   [0 0 0 0 2 1 0 0 0 0])
  ("nl" .
   [2 0])
  ("yl" .
   [2 0])
  ("partition-acc" .
   [0 0 0 0 3 1 0 0 0 0 0 0 0])
  ("partition" .
   [1 0 0 0 0 0 0 0 0])
  ("append" .
   [0 0 0 1 0 0])
  ("bind-id" .
   [0 0 0 0 2 1 0])
  ("unit-id" .
   [3 0 0 0 0 1 1])
  ("even-length?" .
   [0 0 0 0 4 0 1 0 1 0 0 0])
  ("even-length?-sps" .
   [0 0 0 0 0 0 0 0 0 0 0 0 0 0 2 0])
  ("not" .
   [2 0 0])
  ("even-length?-state" .
   [1 0 0 0 0 0 0 0 0 0 0 0 0 0 0 0 0 0])
  ("unit-state" .
   [1 0 0 0 0 0 0 0 0 0])
  ("bind-state" .
   [1 0 0 0 2 2 3 1 0 1])
  ("sequal" .
   [2 0 0 0 0 0])
  ("ma" .
   [1 0])
  ("a^" .
   [1 0])
  ("mb" .
   [1 0])
  ("s^" .
   [1 0])
  ("p" .
   [8])
  ("bind-maybe" .
   [1 0 0 0 0 0 0 0 0 0])
  ("x" .
   [53])
  ("a" .
   [70])
  ("return-writer" .
   [1 0 0 0 0 0 1 1 2 13 1 0 0])
  ("bind-writer" .
   [3 0 0 0 0 0 0 14 0 0 0])
  ("_" .
   [12])
  ("." .
   [18])
  ("partition-writer" .
   [0 0 0 0 2 1 1 0 0 0 0 0 1 0 0 0])
  ("e" .
   [11])
  ("s" .
   [24])
  ("y" .
   [4])
  ("n" .
   [54])
  ("zero?" .
   [3 0 0 0 0])
  ("=" .
   [3])
  ("odd?" .
   [2 0 0 0])
  ("tell-writer" .
   [0 0 0 0 9 0 0 1 0 0 0])
  ("*" .
   [6])
  ("bind" .
   [2 0 0 0])
  ("power" .
   [1 0 0 0 0])
  ("powerXpartials" .
   [0 0 0 0 0 0 4 0 0 0 0 0 0 0])
  ("/" .
   [8])
  ("abc-game" .
   [1 0 0 3 2 0 0 0])
  ("reciprocal" .
   [0 0 0 0 1 0 0 0 0 0])
  ("fail" .
   [1 0 0 0])
  ("return-maybe" .
   [0 0 0 0 0 0 0 0 1 0 0 0])
  ("Halve" .
   [0 0 0 0 2])
  ("even?" .
   [2 0 0 0 1])
  ("state/sum" .
   [0 0 0 0 0 2 0 0 0])
  ("put-state" .
   [0 0 0 5 1 1 0 0 0])
  ("g" .
   [1])
  ("get-state" .
   [0 0 0 6 2 0 0 0 0])
  ("do" .
   [11 0])
  ("<-" .
   [13 0])
  ("return-state" .
   [0 0 0 0 0 0 6 3 0 0 0 0])
  ("__" .
   [2 0])
  ("deb" .
   [1 0 0])
  ("global-set-key" .
   [0 0 0 0 0 0 0 1 0 0 1 0 0 0])
  ("hyper" .
   [1 0 0 0 0])
  (">" .
   [1])
  ("dasdas" .
   [0 1 0 1 0 0])
  ("jk" .
   [2 0])
  ("func" .
   [1 0 0 0])
  ("meta" .
   [1 0 0 0])
  ("oldv" .
   [3 0 0 0])
  ("rainbow-delimiters-mode" .
   [0 0 0 0 0 0 0 0 0 0 0 0 0 0 0 0 1 0 0 0 0 0 0])
  ("auto-complete-mode" .
   [0 0 0 0 0 1 0 0 0 0 0 0 0 0 0 0 0 0])
  ("visual-line-mode" .
   [0 0 0 0 0 0 1 0 0 0 0 0 0 0 0 0])
  ("adaptive-wrap-prefix-mode" .
   [0 0 0 0 1 0 0 0 0 0 0 0 0 0 0 0 0 0 0 0 0 0 0 0 0])
  ("das" .
   [1 1 0])))
